rostergo,200,416,003545CD,0,1,1,4294967295,0,0
rosterbox,90,284,00384ED9,0,1,1,4294967295,0,1
rosterbox,310,284,001AA8A6,0,1,1,4294967295,0,1
rosterbox,310,360,00109079,0,1,1,4294967295,0,1
rosterbox,90,360,0029AFAD,0,1,1,4294967295,0,1
rosterctrl,42,240,0038B736,0,1,1,4294967295,0,0
rosterrandom,384,240,002CE21F,0,1,1,4294967295,0,0
cogcontest,80,36,00205FE8,0,1,1,4294967295,0,1
cogmirror,216,36,0037B892,0,1,1,4294967295,0,0
cogcontest,80,56,0009A61A,0,1,1,4294967295,0,1
cograndblock,216,56,000570E7,0,1,1,4294967295,0,0
cogcontest,80,76,0020A757,0,1,1,4294967295,0,1
cogcontest,80,96,001B5301,0,1,1,4294967295,0,1
cogcontest,80,116,002001FB,0,1,1,4294967295,0,1
cogcontest,80,136,003ED1B8,0,1,1,4294967295,0,1
cogcontest,80,156,0025DBD7,0,1,1,4294967295,0,1
cogcontest,80,176,000B0F10,0,1,1,4294967295,0,1
cogcontest,80,196,000D5BD7,0,1,1,4294967295,0,1
rostercogback,364,204,002E9F50,0,1,1,4294967295,0,0
mmicon,16,240,003C52F7,0,1,1,4294967295,0,1
cogratchet,216,76,00030B75,0,1,1,4294967295,0,0
rosteroptions,200,236,00286FA1,0,1,1,4294967295,0,0
rosterscroll,50,329,000533AC,0,1,1,4294967295,0,0
coginflives,216,96,0006245B,0,1,1,4294967295,0,0
rostergm,284,144,0018DE1F,0,1,1,4294967295,0,0
mmlegends,200,440,00193C79,0,1,1,4294967295,0,0
rosterscrolldown,350,329,002D887E,0,1,1,4294967295,0,0
runespawner,82,228,002BA3AC,0,1,1,4294967295,0,0
segafadein,60,228,00218AC7,0,1,1,4294967295,0,0
