replayback,288,88,001A8B63,0,1,1,4294967295,0,0
replayctrl,100,48,0026101F,0,1,1,4294967295,0,0
mmicon,16,16,003A7B6C,0,1,1,4294967295,0,1
replaybomber,288,88,002FEBCA,0,1,1,4294967295,0,0
replayscroll,256,64,0006CA14,0,1,1,4294967295,0,0
replaydel,288,152,003298F2,0,1,1,4294967295,0,0
replayscrolldown,256,176,002DE3C9,0,1,1,4294967295,0,0
replayplay,288,120,00313E24,0,1,1,4294967295,0,0
mmlegends,200,216,001EEDAF,0,1,1,4294967295,0,0
replaybar,256,88,00191D70,0,1,1,4294967295,0,0
replaybox,400,32,000B1CFB,0,1,1,4294967295,0,0
runespawner,64,80,0014D77D,0,1,1,4294967295,0,0
segafadein,48,80,003854A9,0,1,1,4294967295,0,0
