modctrl,44,48,000788B5,0,1,1,4294967295,0,0
mmicon,16,16,00194811,0,1,1,4294967295,0,1
modscroll,200,64,000B275D,0,1,1,4294967295,0,0
modtoggle,256,160,003E6555,0,1,1,4294967295,0,0
mmlegends,200,216,002BA87B,0,1,1,4294967295,0,0
modscrolldown,200,176,0005A0BE,0,1,1,4294967295,0,0
modbar,200,88,0015F9A3,0,1,1,4294967295,0,0
runespawner,64,8,0038E2FB,0,1,1,4294967295,0,0
modfolder,292,180,0012806B,0,1,1,4294967295,0,0
moddesc,228,76,0010D681,0,1,1,4294967295,0,0
modtyper,228,52,003E11F1,0,1,1,4294967295,0,0
segafadein,48,8,002DF3A8,0,1,1,4294967295,0,0
