biosctrl,64,52,0029158E,0,1,1,4294967295,0,0
mmicon,16,16,00194811,0,1,1,4294967295,0,1
trophyleft,148,188,00100740,0,1,1,4294967295,0,0
trophyright,180,188,0024D77E,0,1,1,4294967295,0,0
mmlegends,200,216,002BA87B,0,1,1,4294967295,0,0
runespawner,64,8,0038E2FB,0,1,1,4294967295,0,0
trophy3d,116,108,0020DC92,0,1,1,4294967295,0,0
trophyname,200,28,00310937,0,1,1,4294967295,0,0
trophytext,204,56,00291B33,0,1,1,4294967295,0,0
trophygames,204,176,000B10C0,0,1,1,4294967295,0,0
segafadein,48,8,002DF3A8,0,1,1,4294967295,0,0
